[[ 4.   0.  -0.5 ...  0.  -0.5  0. ]
 [ 0.   4.   0.  ... -0.5  0.  -0.5]
 [-0.5  0.   2.5 ...  0.  -0.5  0. ]
 ...
 [ 0.  -0.5  0.  ...  8.   0.   0. ]
 [-0.5  0.  -0.5 ...  0.   9.   0. ]
 [ 0.  -0.5  0.  ...  0.   0.   9. ]]

[[  49.11821072]
 [  79.51275935]
 [  34.72219446]
 [  12.5669206 ]
 [  39.51775934]
 [  18.32529806]
 [  24.05340309]
 [  16.60987917]
 [  26.6277404 ]
 [ -22.47846263]
 [  36.00485664]
 [   5.69968705]
 [  48.37662976]
 [  16.75218851]
 [  35.73316812]
 [  44.72234913]
 [  -6.06769761]
 [  46.10503279]
 [  34.97405325]
 [  56.31946179]
 [  36.76655204]
 [  26.85251434]
 [  29.58617613]
 [  -8.45385548]
 [  44.1214374 ]
 [  16.93045947]
 [  15.5810456 ]
 [  12.18045737]
 [   2.95261695]
 [  12.14037921]
 [ -50.99909801]
 [  17.79877009]
 [ -18.28954022]
 [ -21.59101462]
 [  -0.47143719]
 [ -55.44106373]
 [  -2.13205001]
 [ -41.83406486]
 [  -9.82981173]
 [  -1.83706325]
 [  39.16057222]
 [ -76.05688221]
 [-101.72961338]
 [ -89.92812145]
 [ -76.89807339]
 [  32.58078112]
 [-134.07558028]
 [ -40.92789473]
 [ -46.8035143 ]
 [  -6.54851508]]
